1000000
0.000000 49.999988 0.000000 655.199887
0.000000 589.499867 589.499867 728.099802
0.000000 655.199887 655.199887 809.099767
0.000000 728.099802 728.099802 899.099746
0.000000 809.099767 809.099767 999.999762
0.000000 0.000000 0.000000 0.000000
0.000000 0.000000 0.000000 0.000000
655.199887 530.099857 49.999988 655.199887
728.099802 589.499867 589.499867 728.099802
809.099767 655.199887 655.199887 809.099767
899.099746 728.099802 728.099802 899.099746
999.999762 809.099767 809.099767 0.000000
49.999988 428.399899 0.000000 530.099857
589.499867 476.999894 476.999894 589.499867
655.199887 -9.999998 530.099857 655.199887
728.099802 -9.999998 589.499867 728.099802
809.099767 -9.999998 655.199887 809.099767
899.099746 -9.999998 728.099802 0.000000
476.999894 385.199913 0.000000 476.999894
530.099857 428.399899 428.399899 -9.999998
0.000000 0.000000 0.000000 0.000000
0.000000 0.000000 0.000000 0.000000
0.000000 0.000000 0.000000 0.000000
0.000000 0.000000 0.000000 0.000000
428.399899 346.499933 0.000000 428.399899
476.999894 385.199913 385.199913 -9.999998
0.000000 0.000000 0.000000 0.000000
-9.999998 311.399920 -9.999998 251.099927
-9.999998 279.899931 279.899931 225.899948
-9.999998 251.099927 251.099927 0.000000
385.199913 0.000000 0.000000 385.199913
428.399899 0.000000 346.499933 346.499933
-9.999998 0.000000 385.199913 311.399920
279.899931 0.000000 346.499933 279.899931
251.099927 0.000000 311.399920 251.099927
225.899948 0.000000 279.899931 0.000000
