1000000
0.000000 49.999988 0.000000 655.199887
0.000000 589.499867 589.499867 728.099802
0.000000 655.199887 655.199887 809.099767
0.000000 728.099802 728.099802 899.099746
0.000000 809.099767 809.099767 999.999762
0.000000 0.000000 0.000000 0.000000
0.000000 0.000000 0.000000 0.000000
655.199887 530.099857 49.999988 655.199887
728.099802 589.499867 589.499867 728.099802
809.099767 655.199887 655.199887 809.099767
899.099746 728.099802 728.099802 899.099746
999.999762 809.099767 809.099767 0.000000
49.999988 428.399899 0.000000 530.099857
589.499867 476.999894 476.999894 589.499867
655.199887 -9.999998 530.099857 655.199887
728.099802 -9.999998 589.499867 728.099802
809.099767 -9.999998 655.199887 809.099767
899.099746 -9.999998 728.099802 0.000000
476.999894 476.999894 0.000000 476.999894
530.099857 530.099857 428.399899 -9.999998
0.000000 0.000000 0.000000 0.000000
0.000000 0.000000 0.000000 0.000000
0.000000 0.000000 0.000000 0.000000
0.000000 0.000000 0.000000 0.000000
428.399899 530.099857 0.000000 530.099857
476.999894 589.499867 476.999894 -9.999998
0.000000 0.000000 0.000000 0.000000
0.000000 0.000000 0.000000 0.000000
-9.999998 655.199887 809.099767 655.199887
-9.999998 589.499867 728.099802 0.000000
476.999894 0.000000 0.000000 589.499867
530.099857 0.000000 530.099857 655.199887
-9.999998 0.000000 589.499867 728.099802
809.099767 0.000000 655.199887 655.199887
728.099802 0.000000 728.099802 589.499867
655.199887 0.000000 655.199887 0.000000
