1000000
0.000000 49.999988 0.000000 1119.899635
0.000000 906.699766 869.099753 1091.699721
0.000000 874.499837 846.899746 1063.699698
0.000000 840.099821 822.699770 1033.099729
0.000000 803.399772 795.699807 999.999762
0.000000 0.000000 0.000000 0.000000
0.000000 0.000000 0.000000 0.000000
995.899726 831.799805 49.999988 1023.499741
977.699733 802.699775 792.699777 995.099784
961.699752 776.399809 772.499816 969.399717
956.099778 762.299852 763.099794 950.099795
999.999762 794.899789 809.399755 0.000000
49.999988 812.899815 0.000000 1009.799793
972.699735 786.699794 782.099804 982.699732
959.499817 -9.999998 767.799805 963.399734
956.099778 -9.999998 763.699769 955.299760
977.399746 -9.999998 784.399761 962.899780
1041.099758 -9.999998 853.299815 0.000000
978.099742 787.799800 0.000000 981.699748
963.799743 769.499862 767.899826 -9.999998
0.000000 0.000000 0.000000 0.000000
0.000000 0.000000 0.000000 0.000000
0.000000 0.000000 0.000000 0.000000
0.000000 0.000000 0.000000 0.000000
969.899747 776.499830 0.000000 972.499768
965.699767 769.999816 770.799835 -9.999998
0.000000 0.000000 0.000000 0.000000
-9.999998 462.699894 -9.999998 377.899919
-9.999998 362.899923 371.799914 300.799928
-9.999998 301.399922 322.899932 0.000000
975.799786 0.000000 0.000000 974.999768
980.499797 0.000000 784.499859 800.699806
-9.999998 0.000000 803.999824 655.699841
549.799864 0.000000 663.699793 539.899888
475.899888 0.000000 561.699886 454.399878
434.799892 0.000000 496.899868 0.000000
