1000000
0.000000 49.999988 0.000000 1119.899635
0.000000 900.399794 869.099753 1091.699721
0.000000 867.299827 846.899746 1063.699698
0.000000 832.899811 822.699770 1033.099729
0.000000 860.399804 795.699807 999.999762
0.000000 0.000000 0.000000 0.000000
0.000000 0.000000 0.000000 0.000000
995.899726 826.399797 49.999988 1016.299730
977.699733 796.399804 786.399806 987.899774
961.699752 769.199798 765.299805 860.399804
956.099778 748.799794 755.899783 950.099795
999.999762 794.899789 860.399804 0.000000
49.999988 809.299810 0.000000 1004.399709
966.399763 782.199749 777.599836 976.399761
952.299807 -9.999998 762.399797 956.199723
948.899768 -9.999998 757.399798 941.799779
860.399804 -9.999998 777.199751 962.899780
1041.099758 -9.999998 839.799833 0.000000
973.599774 784.199795 0.000000 977.199703
958.399735 765.899781 764.299821 -9.999998
0.000000 0.000000 0.000000 0.000000
0.000000 0.000000 0.000000 0.000000
0.000000 0.000000 0.000000 0.000000
0.000000 0.000000 0.000000 0.000000
966.299742 773.799788 0.000000 968.899763
961.199722 766.399811 767.199753 -9.999998
0.000000 0.000000 0.000000 0.000000
0.000000 0.000000 0.000000 0.000000
-9.999998 681.499853 860.399804 696.799837
-9.999998 601.999864 762.999849 0.000000
972.199704 0.000000 0.000000 971.399762
976.899715 0.000000 781.799817 826.799806
-9.999998 0.000000 800.399818 832.999832
860.399804 0.000000 689.799869 858.499780
915.999766 0.000000 738.999839 754.999820
830.799820 0.000000 815.499836 0.000000
