1000000
0.000000 999.999762 0.000000 809.099767
0.000000 899.099746 899.099746 728.099802
0.000000 809.099767 809.099767 655.199887
0.000000 728.099802 728.099802 589.499867
0.000000 655.199887 655.199887 530.099857
0.000000 589.499867 589.499867 0.000000
0.000000 0.000000 0.000000 0.000000
809.099767 809.099767 999.999762 809.099767
728.099802 728.099802 899.099746 728.099802
655.199887 655.199887 809.099767 655.199887
589.499867 589.499867 728.099802 589.499867
530.099857 530.099857 655.199887 0.000000
999.999762 809.099767 0.000000 809.099767
899.099746 728.099802 899.099746 728.099802
809.099767 -9.999998 809.099767 655.199887
728.099802 -9.999998 728.099802 589.499867
655.199887 -9.999998 655.199887 530.099857
589.499867 -9.999998 589.499867 0.000000
899.099746 728.099802 0.000000 728.099802
809.099767 655.199887 809.099767 -9.999998
0.000000 0.000000 0.000000 0.000000
0.000000 0.000000 0.000000 0.000000
0.000000 0.000000 0.000000 0.000000
0.000000 0.000000 0.000000 0.000000
809.099767 655.199887 0.000000 655.199887
728.099802 589.499867 728.099802 -9.999998
0.000000 0.000000 0.000000 0.000000
-9.999998 476.999894 -9.999998 385.199913
-9.999998 428.399899 428.399899 346.499933
-9.999998 385.199913 385.199913 0.000000
728.099802 0.000000 0.000000 589.499867
655.199887 0.000000 655.199887 530.099857
-9.999998 0.000000 589.499867 476.999894
428.399899 0.000000 530.099857 428.399899
385.199913 0.000000 476.999894 385.199913
346.499933 0.000000 428.399899 0.000000
