1000000
0.000000 385.199913 0.000000 385.199913
0.000000 428.399899 346.499933 346.499933
0.000000 385.199913 385.199913 311.399920
0.000000 346.499933 346.499933 279.899931
0.000000 311.399920 311.399920 251.099927
0.000000 279.899931 279.899931 0.000000
346.499933 428.399899 0.000000 428.399899
385.199913 476.999894 385.199913 385.199913
346.499933 428.399899 428.399899 346.499933
311.399920 385.199913 385.199913 311.399920
279.899931 346.499933 346.499933 279.899931
251.099927 311.399920 311.399920 0.000000
385.199913 476.999894 0.000000 476.999894
428.399899 530.099857 428.399899 428.399899
385.199913 -9.999998 476.999894 385.199913
346.499933 -9.999998 428.399899 346.499933
311.399920 -9.999998 385.199913 311.399920
279.899931 -9.999998 346.499933 0.000000
428.399899 530.099857 0.000000 530.099857
476.999894 589.499867 476.999894 -9.999998
0.000000 0.000000 0.000000 0.000000
0.000000 0.000000 0.000000 0.000000
0.000000 0.000000 0.000000 0.000000
0.000000 0.000000 0.000000 0.000000
476.999894 589.499867 0.000000 589.499867
530.099857 655.199887 530.099857 -9.999998
0.000000 0.000000 0.000000 0.000000
-9.999998 809.099767 -9.999998 809.099767
-9.999998 899.099746 728.099802 899.099746
-9.999998 999.999762 809.099767 0.000000
530.099857 0.000000 0.000000 655.199887
589.499867 0.000000 589.499867 728.099802
-9.999998 0.000000 655.199887 809.099767
728.099802 0.000000 728.099802 899.099746
809.099767 0.000000 809.099767 999.999762
0.000000 0.000000 0.000000 0.000000
